.Random.seed <-
c(10403L, 127L, 689226551L, 1986013068L, -1568021865L, -1934668616L, 
-111968897L, -1294186321L, 926882020L, -548861057L, -1962824240L, 
79596890L, 1009704187L, -1527847477L, 1765907531L, 1884179432L, 
2142214271L, -154773787L, -884189248L, 1478540297L, -1930246902L, 
-468207139L, 798823516L, 1919505803L, 522352622L, 1581369704L, 
-1286130028L, 1358957215L, 873216710L, -586924673L, 2091484759L, 
460637019L, -1521734077L, -402076356L, -1691022128L, 575410470L, 
-1551159877L, -63895338L, -1425165857L, -2072904051L, -1807609858L, 
-815471404L, 1544787352L, -473626755L, -1008023708L, -1888727139L, 
-1531792369L, -1951637094L, -1161106463L, 758471589L, 1373077740L, 
-1558160814L, 1664099278L, -137436276L, -1418057423L, 1898704309L, 
-1098195934L, 149014432L, 1576411621L, -817734645L, 571846387L, 
-732795667L, -1661166576L, 248903310L, 489312169L, 44549248L, 
-1580921581L, -1620410422L, 148301403L, 740878454L, -1918874409L, 
521054397L, 7176385L, -1293590626L, -1999958587L, -80459201L, 
-1552915149L, -1204371164L, 2093897699L, 1541382508L, -880759759L, 
-1093379774L, 1442607338L, -1596232594L, 1810426120L, -978277944L, 
-365658265L, 521687364L, 1459571944L, -934566178L, 1902915338L, 
-1023149700L, 671291324L, 730660044L, -536834954L, 82891517L, 
-1008136765L, 1969112603L, -1296549732L, 231215610L, -199942256L, 
-327832960L, 2129463096L, -930074815L, -1574196900L, 1272854088L, 
636203773L, 1942864740L, 1064135060L, 1762023048L, 1906135047L, 
-1983694254L, 1834408980L, 1223881082L, -465150541L, -636744802L, 
-1669400410L, -61714583L, -1551095450L, -761150557L, 1675312280L, 
-195751292L, 1402366247L, 1914874637L, 1991396080L, -293876110L, 
-1274251267L, -316883006L, 1683726589L, -797401640L, -919549153L, 
-1621152041L, 2124999775L, 1113261343L, -1647823073L, -1024385795L, 
2028431365L, -1681472774L, -1471718895L, 330907808L, 623105224L, 
1984988553L, -1377800993L, 580052108L, 165462703L, 1603372369L, 
1783610458L, -24452796L, 2128490630L, 302760049L, 613312350L, 
566730313L, -2015159230L, -158983939L, 1718143948L, 1580637926L, 
1300206782L, -1136611297L, 1338490793L, -811654940L, 1341067803L, 
-1870817252L, 1043644497L, 1779779969L, -1978574695L, -1916338056L, 
-199141984L, -1386537459L, -273086263L, 1231996778L, -54823287L, 
-8219821L, -1587085787L, -678624115L, 1256010866L, 198282762L, 
832865441L, 882630606L, -783080982L, -1748205423L, 218096406L, 
-530316338L, 446797774L, 2047677791L, -1737289818L, 247858676L, 
-181535493L, -726578532L, 886052283L, -1757017201L, 875184733L, 
694860988L, -420329633L, -1337475411L, -1534955053L, -758431717L, 
146219121L, -1720840458L, -1415431747L, 1387051451L, -1409746273L, 
1963361688L, 1293084988L, -1214731475L, 464555754L, 295881758L, 
1317757343L, 1930011334L, -1962818056L, -864211826L, 495432199L, 
1158233511L, 47339645L, 2112127692L, -1360638957L, -572872828L, 
1992184138L, 1932980792L, -2100781578L, -2112527378L, -1851667235L, 
1527193510L, -1874815350L, -1418582989L, 2007024222L, 1208156168L, 
-1025588722L, 55034658L, -1501329732L, 1976065983L, -1385331953L, 
-480600544L, -293671150L, 649124186L, -667794968L, 850269415L, 
-1584639650L, 2105161074L, -386770280L, 69387811L, -381057093L, 
471362603L, 73285981L, -303126971L, -1034789394L, -1631828038L, 
1742072934L, -1796443659L, -268902436L, -1484444292L, -1072702852L, 
-1010315195L, 2026237633L, -405617601L, -111135434L, 1010048598L, 
1028217770L, -1520975334L, 2077404075L, 1655290704L, 81972667L, 
-187393740L, -186218962L, -1898340990L, -307485999L, -784348123L, 
-1894866221L, 878409345L, -589579562L, 500203576L, 963382038L, 
697677475L, -1448197368L, 2102251960L, -1889189005L, -1698512835L, 
1879623577L, -2055096189L, -1545271968L, -962386235L, -1181926157L, 
749558364L, 1110628309L, -845794633L, -461397157L, 347149258L, 
-1417618527L, -700395085L, -119998297L, 697494344L, -73679171L, 
-520730610L, 1808254553L, -1141275411L, 1291219353L, -1987115038L, 
2001620244L, -146841920L, 1049276059L, -278408696L, 492828887L, 
396046585L, -274216309L, -811966535L, 816772634L, 742163162L, 
2074135778L, -297369702L, 1629537000L, 1477955249L, -266708343L, 
-1649570802L, 930469587L, -1976103405L, 66010923L, -2073676368L, 
-1605741384L, 4641387L, -557538281L, -432226015L, 394791543L, 
1401298307L, -1619210478L, -960146381L, 513009845L, 113474413L, 
-1186226729L, -1289736366L, -174427255L, -1755175895L, -837807603L, 
-1068876725L, -850478502L, 1785360875L, 1500688788L, -341882672L, 
-1695310249L, -782087987L, 1741881015L, 1534129860L, 282814363L, 
-140765277L, 1270212793L, 1671504463L, -1109688655L, -1336712000L, 
1696916310L, 103823319L, -1027955609L, 666529271L, 2117323022L, 
1220891163L, -315992942L, 1094877800L, 456052459L, -700397510L, 
886091975L, -762039617L, -740178031L, 1845480551L, -1316637034L, 
2040673178L, 1885999377L, 55316294L, 499160155L, 1986309220L, 
-225272730L, 1668915527L, -731974667L, 1959616427L, -1712893385L, 
-1830065251L, -1708780364L, 1184497350L, 1858694446L, 973221000L, 
-1203570748L, -731875931L, -1788330999L, 1061019368L, -1532016693L, 
-819401318L, 1900052080L, 2136895221L, 1722685486L, -210411614L, 
1374847562L, -1882850892L, -1418526097L, -266283465L, -1703751617L, 
-1201904930L, -793291705L, 551471082L, -378150051L, -881355307L, 
1420115843L, -1135474350L, -1644433285L, -1910160492L, 1969342480L, 
1861458881L, -1433340166L, 1032459607L, -1363499892L, 1091047435L, 
1115038687L, 1342072662L, -493410493L, -1520691532L, 1069415689L, 
576027062L, 237960330L, -403774920L, -1683989261L, -1205925358L, 
118240289L, 1148161141L, -806931846L, -1442883187L, -1483432930L, 
-1509497493L, 1312568713L, 275868118L, -1642533004L, 308467981L, 
1857504234L, 402338804L, -974235151L, -385702857L, 1103859364L, 
1980653503L, -1285374609L, 875710499L, -641823984L, 663517697L, 
-1344209295L, -2006890515L, 1639451460L, 586795362L, -65183552L, 
-361290131L, 310201688L, 1655965089L, -2093624673L, -1304034136L, 
-1472489178L, 1833950711L, -431348410L, 262239429L, -1490834241L, 
-1723844091L, 1267059608L, -1170435186L, 2134811166L, -1288671426L, 
2129429489L, 1100132639L, 1479347729L, -1411375139L, -411151924L, 
1899570725L, -1210404011L, 999400254L, -360327299L, 1510351171L, 
2059049012L, -381874919L, -891721692L, 1743069716L, 1161495818L, 
1085002043L, -44829429L, -1573649639L, 783426401L, -87197450L, 
-1859918313L, 175865600L, -678754728L, 2035159794L, -823708677L, 
385238259L, -772844786L, 1910166968L, 1051985125L, 771290416L, 
2068943460L, 1684963382L, 983614534L, -1006255241L, -1685735168L, 
-1436558920L, -380167461L, 573215327L, 589773025L, 185067498L, 
140450679L, 649463115L, 860431120L, 171447788L, -850896920L, 
-884842205L, -723431521L, 904966994L, -779981294L, 621022903L, 
117827531L, -2122900458L, -290633869L, -691155180L, 1689470506L, 
-94324689L, -379098771L, -89496085L, 427969527L, -1244309957L, 
970533499L, 2076552140L, -1047602211L, 313105527L, 208262438L, 
-1023923119L, 633848223L, 1934698706L, 1583696666L, -792308195L, 
-523525328L, -1568619560L, 2116577234L, -1100542875L, -1643698018L, 
-1340204704L, 2020401140L, 1582594846L, 1193273989L, 1007032871L, 
-145328636L, 610221727L, -640829990L, -760633627L, -1766708026L, 
-1846565527L, 1949115748L, 2095220378L, -1440517931L, -1724303401L, 
-581608643L, 2087969568L, -149994171L, 30065740L, -513171149L, 
-2144172534L, 1510579469L, -1756942687L, -1536443856L, -753937306L, 
2021696648L, 512086916L, -42752567L, -1415641422L, 135508100L, 
-451963802L, 1704786620L, -624555648L, 1803562423L, 674424362L, 
808635452L, -170660412L, -650419110L, -1597664757L, -1272677393L, 
1959974747L, 398203166L, -1654252877L, -1222517155L, 924823040L, 
688861326L, -67002748L, -835363634L, 1648631721L, 1877640583L, 
470181867L, -313563851L, -295180356L, -1619677085L, 633639699L, 
1232350516L, 1585423625L, -264682197L, -1994036948L, -908923045L, 
-468312468L, -243318672L, 170989572L, 1835662249L, 289801790L, 
-1999818948L, -2145892432L, 902601091L, -1415744852L, 1546833233L, 
